{"producer":{"name":"Blender","version":"3.4.1","exporter_version":"3.3.1","file":"Mutant.babylon"},
"autoClear":true,"clearColor":[0.0509,0.0509,0.0509],"gravity":[0,-9.81,0],
"materials":[{"name":"mutant_M","id":"mutant_M","customType":"BABYLON.PBRMaterial","emissive":[0,0,0],"reflectivity":[1,1,1],"roughness":0.7519,"metallic":0, 
"albedoTexture":{"name":"Mutant_diffuse.png","hasAlpha":true,"level":1,"coordinatesMode":0,"coordinatesIndex":0,"wrapU":1,"wrapV":1},"useAlphaFromAlbedoTexture":true, 
"bumpTexture":{"name":"Mutant_normal.png","hasAlpha":true,"level":1,"coordinatesMode":0,"coordinatesIndex":0,"wrapU":1,"wrapV":1}}],
"skeletons":[{"name":"Armature","id":0,"dimensionsAtRest":[234.7509,64.7022,203.8459],"bones":[
{"name":"mixamorig:Hips","index":0,"matrix":[0.01,-0.0002,0,0,0.0002,0.01,0,0,0,0,-0.01,0,0,0.8047,0,1],"rest":[0.01,0,0,0,0,0.01,0,0,0,0,-0.01,0,0,0.9255,-0.0455,1],"parentBoneIndex":-1,"length":13.884
,"animation":
{"name":"anim","property":"_matrix","dataType":3,"framePerSecond":60,"loopBehavior":1,"keys":[
{"frame":1,"values":[0.01,-0.0002,0,0,0.0002,0.01,0,0,0,0,-0.01,0,0,0.8047,0,1]},
{"frame":2,"values":[0.01,-0.0002,0,0,0.0002,0.01,0,0,0,0,-0.01,0,0.005,0.8041,-0.0013,1]},
{"frame":3,"values":[0.01,-0.0002,0,0,0.0002,0.01,0,0,0,0,-0.01,0,0.0105,0.8035,-0.0019,1]},
{"frame":4,"values":[0.01,-0.0002,0,0,0.0002,0.01,0,0,0,0,-0.01,0,0.0166,0.8029,-0.0021,1]},
{"frame":5,"values":[0.01,-0.0002,0,0,0.0002,0.01,0,0,0,0,-0.01,0,0.0232,0.8025,-0.0024,1]},
{"frame":6,"values":[0.01,-0.0002,0,0,0.0002,0.01,0,0,0,0,-0.01,0,0.0304,0.8025,-0.003,1]},
{"frame":7,"values":[0.01,-0.0002,0,0,0.0002,0.01,0,0,0,0,-0.01,0,0.0379,0.8029,-0.0038,1]},
{"frame":8,"values":[0.01,-0.0002,0,0,0.0002,0.01,0,0,0,0,-0.01,0,0.0458,0.8036,-0.0048,1]},
{"frame":9,"values":[0.01,-0.0002,0,0,0.0002,0.01,0,0,0,0,-0.01,0,0.0539,0.8047,-0.0059,1]},
{"frame":10,"values":[0.01,-0.0002,0,0,0.0002,0.01,0,0,0,0,-0.01,0,0.0622,0.8061,-0.0069,1]},
{"frame":11,"values":[0.01,-0.0002,0,0,0.0002,0.01,0,0,0,0,-0.01,0,0.0704,0.8078,-0.0077,1]},
{"frame":12,"values":[0.01,-0.0002,0,0,0.0002,0.01,0,0,0,0,-0.01,0,0.0785,0.8098,-0.0083,1]},
{"frame":13,"values":[0.01,-0.0002,0,0,0.0002,0.01,0,0,0,0,-0.01,0,0.0864,0.812,-0.0086,1]},
{"frame":14,"values":[0.01,-0.0002,0,0,0.0002,0.01,0,0,0,0,-0.01,0,0.0939,0.8142,-0.0084,1]},
{"frame":15,"values":[0.01,-0.0002,0,0,0.0002,0.01,0,0,0,0,-0.01,0,0.101,0.8166,-0.0077,1]},
{"frame":16,"values":[0.01,-0.0002,0,0,0.0002,0.01,0,0,0,0,-0.01,0,0.1077,0.819,-0.0066,1]},
{"frame":17,"values":[0.01,-0.0002,0,0,0.0002,0.01,0,0,0,0,-0.01,0,0.1138,0.8213,-0.0051,1]},
{"frame":18,"values":[0.01,-0.0002,0,0,0.0002,0.01,0,0,0,0,-0.01,0,0.1192,0.8235,-0.0033,1]},
{"frame":19,"values":[0.01,-0.0002,0,0,0.0002,0.01,0,0,0,0,-0.01,0,0.1239,0.8257,-0.0015,1]},
{"frame":20,"values":[0.01,-0.0002,0,0,0.0002,0.01,0,0,0,0,-0.01,0,0.1278,0.8277,0.0005,1]},
{"frame":21,"values":[0.01,-0.0002,0,0,0.0002,0.01,0,0,0,0,-0.01,0,0.1308,0.8296,0.0026,1]},
{"frame":22,"values":[0.01,-0.0002,0,0,0.0002,0.01,0,0,0,0,-0.01,0,0.1332,0.8314,0.0048,1]},
{"frame":23,"values":[0.01,-0.0002,0,0,0.0002,0.01,0,0,0,0,-0.01,0,0.1347,0.8331,0.0072,1]},
{"frame":24,"values":[0.01,-0.0002,0,0,0.0002,0.01,0,0,0,0,-0.01,0,0.1356,0.8347,0.0098,1]},
{"frame":25,"values":[0.01,-0.0002,0,0,0.0002,0.01,0,0,0,0,-0.01,0,0.1359,0.8363,0.0126,1]},
{"frame":26,"values":[0.01,-0.0002,0,0,0.0002,0.01,0,0,0,0,-0.01,0,0.1355,0.8377,0.0156,1]},
{"frame":27,"values":[0.01,-0.0002,0,0,0.0002,0.01,0,0,0,0,-0.01,0,0.1345,0.8391,0.0188,1]},
{"frame":28,"values":[0.01,-0.0002,0,0,0.0002,0.01,0,0,0,0,-0.01,0,0.133,0.8405,0.0223,1]},
{"frame":29,"values":[0.01,-0.0002,0,0,0.0002,0.01,0,0,0,0,-0.01,0,0.1309,0.8417,0.026,1]},
{"frame":30,"values":[0.01,-0.0002,0,0,0.0002,0.01,0,0,0,0,-0.01,0,0.1282,0.8429,0.0299,1]},
{"frame":31,"values":[0.01,-0.0002,0,0,0.0002,0.01,0,0,0,0,-0.01,0,0.1249,0.844,0.034,1]},
{"frame":32,"values":[0.01,-0.0002,0,0,0.0002,0.01,0,0,0,0,-0.01,0,0.121,0.8449,0.0382,1]},
{"frame":33,"values":[0.01,-0.0002,0,0,0.0002,0.01,0,0,0,0,-0.01,0,0.1165,0.8456,0.0426,1]},
{"frame":34,"values":[0.01,-0.0002,0,0,0.0002,0.01,0,0,0,0,-0.01,0,0.1114,0.8461,0.047,1]},
{"frame":35,"values":[0.01,-0.0002,0,0,0.0002,0.01,0,0,0,0,-0.01,0,0.1055,0.8463,0.0513,1]},
{"frame":36,"values":[0.01,-0.0002,0,0,0.0002,0.01,0,0,0,0,-0.01,0,0.0989,0.8464,0.0557,1]},
{"frame":37,"values":[0.01,-0.0002,0,0,0.0002,0.01,0,0,0,0,-0.01,0,0.0917,0.8462,0.06,1]},
{"frame":38,"values":[0.01,-0.0002,0,0,0.0002,0.01,0,0,0,0,-0.01,0,0.0838,0.8458,0.0641,1]},
{"frame":39,"values":[0.01,-0.0002,0,0,0.0002,0.01,0,0,0,0,-0.01,0,0.0755,0.8452,0.0681,1]},
{"frame":40,"values":[0.01,-0.0002,0,0,0.0002,0.01,0,0,0,0,-0.01,0,0.0669,0.8444,0.0717,1]},
{"frame":41,"values":[0.01,-0.0002,0,0,0.0002,0.01,0,0,0,0,-0.01,0,0.0583,0.8434,0.0749,1]},
{"frame":42,"values":[0.01,-0.0002,0,0,0.0002,0.01,0,0,0,0,-0.01,0,0.0497,0.8423,0.0776,1]},
{"frame":43,"values":[0.01,-0.0002,0,0,0.0002,0.01,0,0,0,0,-0.01,0,0.0412,0.841,0.08,1]},
{"frame":44,"values":[0.01,-0.0002,0,0,0.0002,0.01,0,0,0,0,-0.01,0,0.0328,0.8398,0.0819,1]},
{"frame":45,"values":[0.01,-0.0002,0,0,0.0002,0.01,0,0,0,0,-0.01,0,0.0246,0.8385,0.0835,1]},
{"frame":46,"values":[0.01,-0.0002,0,0,0.0002,0.01,0,0,0,0,-0.01,0,0.0166,0.8373,0.0848,1]},
{"frame":47,"values":[0.01,-0.0002,0,0,0.0002,0.01,0,0,0,0,-0.01,0,0.009,0.8361,0.0858,1]},
{"frame":48,"values":[0.01,-0.0002,0,0,0.0002,0.01,0,0,0,0,-0.01,0,0.0018,0.835,0.0865,1]},
{"frame":49,"values":[0.01,-0.0002,0,0,0.0002,0.01,0,0,0,0,-0.01,0,-0.0048,0.8339,0.0869,1]},
{"frame":50,"values":[0.01,-0.0002,0,0,0.0002,0.01,0,0,0,0,-0.01,0,-0.0109,0.8329,0.0872,1]},
{"frame":51,"values":[0.01,-0.0002,0,0,0.0002,0.01,0,0,0,0,-0.01,0,-0.0164,0.832,0.0872,1]},
{"frame":52,"values":[0.01,-0.0002,0,0,0.0002,0.01,0,0,0,0,-0.01,0,-0.0214,0.8311,0.0871,1]},
{"frame":53,"values":[0.01,-0.0002,0,0,0.0002,0.01,0,0,0,0,-0.01,0,-0.0259,0.8303,0.0868,1]},
{"frame":54,"values":[0.01,-0.0002,0,0,0.0002,0.01,0,0,0,0,-0.01,0,-0.03,0.8296,0.0863,1]},
{"frame":55,"values":[0.01,-0.0002,0,0,0.0002,0.01,0,0,0,0,-0.01,0,-0.0336,0.8289,0.0857,1]},
{"frame":56,"values":[0.01,-0.0002,0,0,0.0002,0.01,0,0,0,0,-0.01,0,-0.0368,0.8282,0.0849,1]},
{"frame":57,"values":[0.01,-0.0002,0,0,0.0002,0.01,0,0,0,0,-0.01,0,-0.0396,0.8275,0.0838,1]},
{"frame":58,"values":[0.01,-0.0002,0,0,0.0002,0.01,0,0,0,0,-0.01,0,-0.042,0.8268,0.0826,1]},
{"frame":59,"values":[0.01,-0.0002,0,0,0.0002,0.01,0,0,0,0,-0.01,0,-0.0441,0.826,0.0811,1]},
{"frame":60,"values":[0.01,-0.0002,0,0,0.0002,0.01,0,0,0,0,-0.01,0,-0.0458,0.8251,0.0793,1]},
{"frame":61,"values":[0.01,-0.0002,0,0,0.0002,0.01,0,0,0,0,-0.01,0,-0.0471,0.8242,0.0772,1]},
{"frame":62,"values":[0.01,-0.0002,0,0,0.0002,0.01,0,0,0,0,-0.01,0,-0.0481,0.8232,0.0748,1]},
{"frame":63,"values":[0.01,-0.0002,0,0,0.0002,0.01,0,0,0,0,-0.01,0,-0.0488,0.822,0.0722,1]},
{"frame":64,"values":[0.01,-0.0002,0,0,0.0002,0.01,0,0,0,0,-0.01,0,-0.0491,0.8209,0.0692,1]},
{"frame":65,"values":[0.01,-0.0002,0,0,0.0002,0.01,0,0,0,0,-0.01,0,-0.0492,0.8196,0.0659,1]},
{"frame":66,"values":[0.01,-0.0002,0,0,0.0002,0.01,0,0,0,0,-0.01,0,-0.0487,0.8183,0.0623,1]},
{"frame":67,"values":[0.01,-0.0002,0,0,0.0002,0.01,0,0,0,0,-0.01,0,-0.0477,0.817,0.0584,1]},
{"frame":68,"values":[0.01,-0.0002,0,0,0.0002,0.01,0,0,0,0,-0.01,0,-0.046,0.8157,0.054,1]},
{"frame":69,"values":[0.01,-0.0002,0,0,0.0002,0.01,0,0,0,0,-0.01,0,-0.0438,0.8144,0.0494,1]},
{"frame":70,"values":[0.01,-0.0002,0,0,0.0002,0.01,0,0,0,0,-0.01,0,-0.0411,0.8132,0.0448,1]},
{"frame":71,"values":[0.01,-0.0002,0,0,0.0002,0.01,0,0,0,0,-0.01,0,-0.0383,0.812,0.0401,1]},
{"frame":72,"values":[0.01,-0.0002,0,0,0.0002,0.01,0,0,0,0,-0.01,0,-0.0353,0.8108,0.0356,1]},
{"frame":73,"values":[0.01,-0.0002,0,0,0.0002,0.01,0,0,0,0,-0.01,0,-0.0322,0.8098,0.0311,1]},
{"frame":74,"values":[0.01,-0.0002,0,0,0.0002,0.01,0,0,0,0,-0.01,0,-0.0288,0.8088,0.0266,1]},
{"frame":75,"values":[0.01,-0.0002,0,0,0.0002,0.01,0,0,0,0,-0.01,0,-0.0253,0.8079,0.0221,1]},
{"frame":76,"values":[0.01,-0.0002,0,0,0.0002,0.01,0,0,0,0,-0.01,0,-0.0215,0.8072,0.0176,1]},
{"frame":77,"values":[0.01,-0.0002,0,0,0.0002,0.01,0,0,0,0,-0.01,0,-0.0176,0.8066,0.0131,1]},
{"frame":78,"values":[0.01,-0.0002,0,0,0.0002,0.01,0,0,0,0,-0.01,0,-0.0135,0.8061,0.0088,1]},
{"frame":79,"values":[0.01,-0.0002,0,0,0.0002,0.01,0,0,0,0,-0.01,0,-0.0092,0.8056,0.0051,1]},
{"frame":80,"values":[0.01,-0.0002,0,0,0.0002,0.01,0,0,0,0,-0.01,0,-0.0047,0.8052,0.0021,1]},
{"frame":81,"values":[0.01,-0.0002,0,0,0.0002,0.01,0,0,0,0,-0.01,0,0,0.8047,0,1]}]}},
{"name":"mixamorig:Spine","index":1,"matrix":[1,0.0094,0.0006,0,-0.0091,0.9525,0.3043,0,0.0023,-0.3043,0.9526,0,0,10.7639,1.2435,1],"rest":[1,0.0015,-0.0002,0,-0.0014,0.9998,0.0174,0,0.0002,-0.0174,0.9998,0,0,10.7639,1.2435,1],"parentBoneIndex":0,"length":13.0633
,"animation":
{"name":"anim","property":"_matrix","dataType":3,"framePerSecond":60,"loopBehavior":1,"keys":[
{"frame":1,"values":[1,0.0094,0.0006,0,-0.0091,0.9525,0.3043,0,0.0023,-0.3043,0.9526,0,0,10.7639,1.2435,1]},
{"frame":2,"values":[1,0.0073,0.0034,0,-0.008,0.9529,0.3033,0,-0.0011,-0.3033,0.9529,0,0,10.7639,1.2435,1]},
{"frame":3,"values":[1,0.0051,0.0074,0,-0.0072,0.953,0.3028,0,-0.0055,-0.3028,0.953,0,0,10.7639,1.2435,1]},
{"frame":4,"values":[0.9999,0.0028,0.0125,0,-0.0065,0.953,0.3028,0,-0.0111,-0.3029,0.953,0,0,10.7639,1.2435,1]},
{"frame":5,"values":[0.9998,0.0002,0.0184,0,-0.0058,0.9529,0.3031,0,-0.0174,-0.3032,0.9528,0,0,10.7639,1.2435,1]},
{"frame":6,"values":[0.9997,-0.0024,0.0243,0,-0.0051,0.9528,0.3035,0,-0.0239,-0.3035,0.9525,0,0,10.7639,1.2435,1]},
{"frame":7,"values":[0.9995,-0.0051,0.0301,0,-0.0043,0.9527,0.3038,0,-0.0303,-0.3038,0.9523,0,0,10.7639,1.2435,1]},
{"frame":8,"values":[0.9993,-0.0077,0.0357,0,-0.0035,0.9526,0.3042,0,-0.0363,-0.3041,0.9519,0,0,10.7639,1.2435,1]},
{"frame":9,"values":[0.9991,-0.0102,0.041,0,-0.0027,0.9525,0.3046,0,-0.0421,-0.3044,0.9516,0,0,10.7639,1.2435,1]},
{"frame":10,"values":[0.9989,-0.0128,0.0461,0,-0.0019,0.9523,0.305,0,-0.0478,-0.3048,0.9512,0,0,10.7639,1.2435,1]},
{"frame":11,"values":[0.9986,-0.0153,0.0509,0,-0.001,0.9522,0.3055,0,-0.0532,-0.3051,0.9508,0,0,10.7639,1.2435,1]},
{"frame":12,"values":[0.9983,-0.0177,0.0552,0,-0.0001,0.952,0.3061,0,-0.058,-0.3056,0.9504,0,0,10.7639,1.2435,1]},
{"frame":13,"values":[0.9981,-0.0198,0.0586,0,0.0009,0.9518,0.3068,0,-0.0619,-0.3061,0.95,0,0,10.7639,1.2435,1]},
{"frame":14,"values":[0.9979,-0.0218,0.0607,0,0.002,0.9515,0.3077,0,-0.0645,-0.3069,0.9495,0,0,10.7639,1.2435,1]},
{"frame":15,"values":[0.9978,-0.0234,0.0616,0,0.0032,0.9511,0.3088,0,-0.0658,-0.3079,0.9491,0,0,10.7638,1.2435,1]},
{"frame":16,"values":[0.9978,-0.0248,0.0616,0,0.0045,0.9507,0.31,0,-0.0663,-0.3091,0.9487,0,0,10.7639,1.2435,1]},
{"frame":17,"values":[0.9978,-0.0261,0.0611,0,0.0058,0.9503,0.3113,0,-0.0661,-0.3103,0.9483,0,0,10.7639,1.2435,1]},
{"frame":18,"values":[0.9978,-0.0273,0.0602,0,0.0071,0.9498,0.3127,0,-0.0657,-0.3116,0.9479,0,0,10.7639,1.2435,1]},
{"frame":19,"values":[0.9978,-0.0285,0.0591,0,0.0085,0.9494,0.3141,0,-0.0651,-0.3129,0.9476,0,0,10.7638,1.2435,1]},
{"frame":20,"values":[0.9979,-0.0298,0.0579,0,0.01,0.9489,0.3154,0,-0.0644,-0.3142,0.9472,0,0,10.7638,1.2435,1]},
{"frame":21,"values":[0.9979,-0.031,0.0567,0,0.0115,0.9484,0.3167,0,-0.0636,-0.3154,0.9468,0,0,10.7639,1.2435,1]},
{"frame":22,"values":[0.9979,-0.0323,0.0553,0,0.013,0.948,0.3181,0,-0.0627,-0.3167,0.9465,0,0,10.7639,1.2435,1]},
{"frame":23,"values":[0.998,-0.0336,0.0539,0,0.0146,0.9475,0.3194,0,-0.0618,-0.3179,0.9461,0,0,10.7639,1.2435,1]},
{"frame":24,"values":[0.998,-0.0348,0.0523,0,0.0162,0.947,0.3207,0,-0.0607,-0.3192,0.9457,0,0,10.7639,1.2435,1]},
{"frame":25,"values":[0.9981,-0.036,0.0504,0,0.0179,0.9466,0.322,0,-0.0593,-0.3205,0.9454,0,0,10.7639,1.2435,1]},
{"frame":26,"values":[0.9981,-0.0372,0.0482,0,0.0197,0.9461,0.3233,0,-0.0576,-0.3218,0.9451,0,0,10.7639,1.2435,1]},
{"frame":27,"values":[0.9982,-0.0384,0.0458,0,0.0215,0.9456,0.3246,0,-0.0558,-0.323,0.9448,0,0,10.7639,1.2435,1]},
{"frame":28,"values":[0.9983,-0.0398,0.0433,0,0.0235,0.9452,0.3257,0,-0.0539,-0.3241,0.9445,0,0,10.7639,1.2435,1]},
{"frame":29,"values":[0.9983,-0.0412,0.0408,0,0.0256,0.9448,0.3266,0,-0.052,-0.325,0.9443,0,0,10.7638,1.2435,1]},
{"frame":30,"values":[0.9983,-0.0427,0.0387,0,0.0278,0.9445,0.3274,0,-0.0505,-0.3257,0.9441,0,0,10.7639,1.2435,1]},
{"frame":31,"values":[0.9983,-0.0444,0.037,0,0.0299,0.9442,0.3279,0,-0.0495,-0.3263,0.944,0,0,10.7639,1.2435,1]},
{"frame":32,"values":[0.9983,-0.0462,0.0356,0,0.032,0.944,0.3285,0,-0.0488,-0.3268,0.9438,0,0,10.7639,1.2435,1]},
{"frame":33,"values":[0.9983,-0.048,0.0344,0,0.0341,0.9437,0.3289,0,-0.0483,-0.3272,0.9437,0,0,10.7639,1.2435,1]},
{"frame":34,"values":[0.9982,-0.0498,0.0332,0,0.0361,0.9435,0.3295,0,-0.0477,-0.3277,0.9436,0,0,10.7639,1.2435,1]},
{"frame":35,"values":[0.9982,-0.0516,0.0317,0,0.0382,0.9432,0.33,0,-0.0469,-0.3282,0.9434,0,0,10.7639,1.2435,1]},
{"frame":36,"values":[0.9981,-0.0532,0.03,0,0.0403,0.9429,0.3307,0,-0.0459,-0.3288,0.9433,0,0,10.7639,1.2435,1]},
{"frame":37,"values":[0.9981,-0.0546,0.0281,0,0.0422,0.9426,0.3313,0,-0.0446,-0.3295,0.9431,0,0,10.7639,1.2435,1]},
{"frame":38,"values":[0.9981,-0.0556,0.0262,0,0.0438,0.9423,0.3319,0,-0.0431,-0.3301,0.943,0,0,10.7639,1.2435,1]},
{"frame":39,"values":[0.9981,-0.0563,0.0243,0,0.045,0.9421,0.3323,0,-0.0416,-0.3306,0.9429,0,0,10.7639,1.2435,1]},
{"frame":40,"values":[0.9982,-0.0564,0.0227,0,0.0456,0.942,0.3326,0,-0.0401,-0.331,0.9428,0,0,10.7639,1.2435,1]},
{"frame":41,"values":[0.9982,-0.0559,0.0216,0,0.0455,0.9419,0.3327,0,-0.0389,-0.3311,0.9428,0,0,10.7639,1.2435,1]},
{"frame":42,"values":[0.9983,-0.0547,0.0211,0,0.0446,0.942,0.3326,0,-0.0381,-0.331,0.9428,0,0,10.7639,1.2435,1]},
{"frame":43,"values":[0.9984,-0.0529,0.0214,0,0.0428,0.9422,0.3322,0,-0.0377,-0.3307,0.943,0,0,10.7639,1.2435,1]},
{"frame":44,"values":[0.9985,-0.0505,0.0225,0,0.0402,0.9425,0.3317,0,-0.0379,-0.3303,0.9431,0,0,10.7639,1.2435,1]},
{"frame":45,"values":[0.9986,-0.0476,0.0243,0,0.0369,0.9429,0.331,0,-0.0387,-0.3297,0.9433,0,0,10.7639,1.2435,1]},
{"frame":46,"values":[0.9987,-0.0443,0.0268,0,0.033,0.9433,0.3304,0,-0.0399,-0.3291,0.9435,0,0,10.7639,1.2435,1]},
{"frame":47,"values":[0.9987,-0.0407,0.0297,0,0.0287,0.9436,0.3299,0,-0.0415,-0.3286,0.9436,0,0,10.7639,1.2435,1]},
{"frame":48,"values":[0.9988,-0.037,0.0328,0,0.0241,0.9439,0.3295,0,-0.0431,-0.3283,0.9436,0,0,10.7639,1.2435,1]},
{"frame":49,"values":[0.9988,-0.0332,0.0358,0,0.0196,0.944,0.3293,0,-0.0447,-0.3282,0.9435,0,0,10.7639,1.2435,1]},
{"frame":50,"values":[0.9988,-0.0294,0.0384,0,0.0151,0.9441,0.3294,0,-0.0459,-0.3284,0.9434,0,0,10.7639,1.2435,1]},
{"frame":51,"values":[0.9988,-0.0257,0.0405,0,0.0109,0.944,0.3297,0,-0.0467,-0.3289,0.9432,0,0,10.7639,1.2435,1]},
{"frame":52,"values":[0.9989,-0.0221,0.042,0,0.007,0.9439,0.3303,0,-0.0469,-0.3296,0.943,0,0,10.7639,1.2435,1]},
{"frame":53,"values":[0.9989,-0.0187,0.0428,0,0.0035,0.9436,0.331,0,-0.0465,-0.3305,0.9427,0,0,10.7638,1.2435,1]},
{"frame":54,"values":[0.999,-0.0153,0.0429,0,0.0002,0.9433,0.3318,0,-0.0456,-0.3315,0.9424,0,0,10.7639,1.2435,1]},
{"frame":55,"values":[0.999,-0.0121,0.0425,0,-0.0027,0.943,0.3327,0,-0.0441,-0.3325,0.9421,0,0,10.7639,1.2435,1]},
{"frame":56,"values":[0.9991,-0.0089,0.0415,0,-0.0055,0.9427,0.3336,0,-0.0421,-0.3335,0.9418,0,0,10.7639,1.2435,1]},
{"frame":57,"values":[0.9992,-0.0057,0.0402,0,-0.0081,0.9424,0.3344,0,-0.0398,-0.3344,0.9416,0,0,10.7639,1.2435,1]},
{"frame":58,"values":[0.9993,-0.0024,0.0386,0,-0.0107,0.9422,0.335,0,-0.0372,-0.3351,0.9414,0,0,10.7639,1.2435,1]},
{"frame":59,"values":[0.9993,0.0009,0.0368,0,-0.0132,0.942,0.3354,0,-0.0344,-0.3357,0.9413,0,0,10.7639,1.2435,1]},
{"frame":60,"values":[0.9994,0.0042,0.0349,0,-0.0157,0.9418,0.3357,0,-0.0314,-0.336,0.9413,0,0,10.7639,1.2435,1]},
{"frame":61,"values":[0.9994,0.0076,0.0327,0,-0.0181,0.9418,0.3357,0,-0.0283,-0.3361,0.9414,0,0,10.7639,1.2435,1]},
{"frame":62,"values":[0.9995,0.011,0.0305,0,-0.0206,0.9418,0.3356,0,-0.025,-0.336,0.9415,0,0,10.7639,1.2435,1]},
{"frame":63,"values":[0.9995,0.0143,0.028,0,-0.0229,0.9418,0.3353,0,-0.0216,-0.3357,0.9417,0,0,10.7639,1.2435,1]},
{"frame":64,"values":[0.9995,0.0176,0.0254,0,-0.0251,0.942,0.3348,0,-0.018,-0.3353,0.942,0,0,10.7639,1.2435,1]},
{"frame":65,"values":[0.9995,0.0207,0.0226,0,-0.027,0.9421,0.3341,0,-0.0143,-0.3346,0.9423,0,0,10.7639,1.2435,1]},
{"frame":66,"values":[0.9995,0.0235,0.0196,0,-0.0287,0.9424,0.3333,0,-0.0107,-0.3337,0.9426,0,0,10.7639,1.2435,1]},
{"frame":67,"values":[0.9995,0.0259,0.0166,0,-0.0299,0.9427,0.3324,0,-0.007,-0.3327,0.943,0,0,10.7639,1.2435,1]},
{"frame":68,"values":[0.9995,0.0278,0.0136,0,-0.0307,0.943,0.3313,0,-0.0036,-0.3315,0.9434,0,0,10.7639,1.2435,1]},
{"frame":69,"values":[0.9995,0.0292,0.0106,0,-0.0311,0.9435,0.33,0,-0.0004,-0.3301,0.9439,0,0,10.7639,1.2435,1]},
{"frame":70,"values":[0.9995,0.0299,0.0079,0,-0.0309,0.944,0.3285,0,0.0024,-0.3286,0.9445,0,0,10.7639,1.2435,1]},
{"frame":71,"values":[0.9995,0.03,0.0054,0,-0.0301,0.9446,0.3269,0,0.0047,-0.3269,0.9451,0,0,10.7639,1.2435,1]},
{"frame":72,"values":[0.9996,0.0295,0.0033,0,-0.0289,0.9452,0.3251,0,0.0065,-0.325,0.9457,0,0,10.7639,1.2435,1]},
{"frame":73,"values":[0.9996,0.0283,0.0015,0,-0.0273,0.946,0.3231,0,0.0077,-0.323,0.9464,0,0,10.7639,1.2435,1]},
{"frame":74,"values":[0.9996,0.0266,0.0001,0,-0.0252,0.9467,0.321,0,0.0085,-0.3209,0.9471,0,0,10.7639,1.2435,1]},
{"frame":75,"values":[0.9997,0.0244,-0.001,0,-0.0228,0.9476,0.3187,0,0.0087,-0.3185,0.9479,0,0,10.7639,1.2435,1]},
{"frame":76,"values":[0.9998,0.0219,-0.0018,0,-0.0202,0.9485,0.3161,0,0.0086,-0.316,0.9487,0,0,10.7639,1.2435,1]},
{"frame":77,"values":[0.9998,0.0191,-0.0023,0,-0.0174,0.9494,0.3134,0,0.0082,-0.3133,0.9496,0,0,10.7639,1.2435,1]},
{"frame":78,"values":[0.9999,0.0164,-0.0025,0,-0.0148,0.9504,0.3107,0,0.0075,-0.3106,0.9505,0,0,10.7639,1.2435,1]},
{"frame":79,"values":[0.9999,0.0138,-0.0022,0,-0.0125,0.9513,0.3081,0,0.0063,-0.3081,0.9513,0,0,10.7639,1.2435,1]},
{"frame":80,"values":[0.9999,0.0115,-0.0012,0,-0.0106,0.952,0.306,0,0.0047,-0.3059,0.952,0,0,10.7639,1.2435,1]},
{"frame":81,"values":[1,0.0094,0.0006,0,-0.0091,0.9525,0.3043,0,0.0023,-0.3043,0.9526,0,0,10.7639,1.2435,1]}]}},
{"name":"mixamorig:Spine1","index":2,"matrix":[0.9998,0.0184,-0.0001,0,-0.0178,0.9649,0.2622,0,0.005,-0.2621,0.965,0,0,13.0633,0,1],"rest":[1,0.0002,0,0,-0.0002,0.9961,-0.0878,0,0,0.0878,0.9961,0,0,13.0633,0,1],"parentBoneIndex":1,"length":13.0206
,"animation":
{"name":"anim","property":"_matrix","dataType":3,"framePerSecond":60,"loopBehavior":1,"keys":[
{"frame":1,"values":[0.9998,0.0184,-0.0001,0,-0.0178,0.9649,0.2622,0,0.005,-0.2621,0.965,0,0,13.0633,0,1]},
{"frame":2,"values":[0.9998,0.018,0.0016,0,-0.0178,0.9651,0.2613,0,0.0032,-0.2613,0.9652,0,0,13.0634,0,1]},
{"frame":3,"values":[0.9998,0.0178,0.0041,0,-0.0183,0.9652,0.261,0,0.0006,-0.261,0.9653,0,0,13.0633,0,1]},
{"frame":4,"values":[0.9998,0.0177,0.0075,0,-0.019,0.9651,0.2611,0,-0.0026,-0.2612,0.9653,0,0,13.0633,0,1]},
{"frame":5,"values":[0.9998,0.0177,0.0112,0,-0.02,0.965,0.2615,0,-0.0062,-0.2616,0.9652,0,0,13.0633,0,1]},
{"frame":6,"values":[0.9997,0.0176,0.0151,0,-0.0209,0.9649,0.2618,0,-0.01,-0.262,0.965,0,0,13.0633,0,1]},
{"frame":7,"values":[0.9997,0.0174,0.0189,0,-0.0218,0.9648,0.2622,0,-0.0136,-0.2625,0.9648,0,0,13.0633,0,1]},
{"frame":8,"values":[0.9996,0.0173,0.0225,0,-0.0226,0.9646,0.2626,0,-0.0172,-0.263,0.9647,0,0,13.0633,0,1]},
{"frame":9,"values":[0.9995,0.017,0.026,0,-0.0233,0.9645,0.263,0,-0.0206,-0.2635,0.9645,0,0,13.0633,0,1]},
{"frame":10,"values":[0.9994,0.0168,0.0293,0,-0.0239,0.9644,0.2634,0,-0.0238,-0.264,0.9642,0,0,13.0633,0,1]},
{"frame":11,"values":[0.9993,0.0165,0.0325,0,-0.0245,0.9643,0.2639,0,-0.027,-0.2645,0.964,0,0,13.0633,0,1]},
{"frame":12,"values":[0.9992,0.0161,0.0354,0,-0.0249,0.9641,0.2644,0,-0.0298,-0.2651,0.9638,0,0,13.0633,0,1]},
{"frame":13,"values":[0.9992,0.0155,0.0376,0,-0.025,0.9639,0.265,0,-0.0321,-0.2657,0.9635,0,0,13.0633,0,1]},
{"frame":14,"values":[0.9991,0.0148,0.0391,0,-0.0247,0.9637,0.2658,0,-0.0337,-0.2666,0.9632,0,0,13.0633,0,1]},
{"frame":15,"values":[0.9991,0.014,0.0398,0,-0.0241,0.9635,0.2668,0,-0.0347,-0.2675,0.9629,0,0,13.0633,0,1]},
{"frame":16,"values":[0.9991,0.013,0.04,0,-0.0233,0.9632,0.2678,0,-0.0351,-0.2685,0.9626,0,0,13.0633,0,1]},
{"frame":17,"values":[0.9991,0.0119,0.0398,0,-0.0222,0.9629,0.269,0,-0.0351,-0.2696,0.9623,0,0,13.0633,0,1]},
{"frame":18,"values":[0.9992,0.0108,0.0395,0,-0.0211,0.9626,0.2701,0,-0.0351,-0.2707,0.962,0,0,13.0633,0,1]},
{"frame":19,"values":[0.9992,0.0097,0.039,0,-0.0199,0.9623,0.2713,0,-0.0349,-0.2718,0.9617,0,0,13.0633,0,1]},
{"frame":20,"values":[0.9992,0.0084,0.0384,0,-0.0186,0.962,0.2724,0,-0.0346,-0.2729,0.9614,0,0,13.0633,0,1]},
{"frame":21,"values":[0.9993,0.0072,0.0378,0,-0.0172,0.9617,0.2736,0,-0.0343,-0.274,0.9611,0,0,13.0633,0,1]},
{"frame":22,"values":[0.9993,0.0059,0.0371,0,-0.0158,0.9614,0.2747,0,-0.034,-0.2751,0.9608,0,0,13.0633,0,1]},
{"frame":23,"values":[0.9993,0.0045,0.0363,0,-0.0144,0.9611,0.2758,0,-0.0337,-0.2761,0.9605,0,0,13.0633,0,1]},
{"frame":24,"values":[0.9994,0.0032,0.0355,0,-0.0129,0.9608,0.2769,0,-0.0332,-0.2772,0.9602,0,0,13.0633,0,1]},
{"frame":25,"values":[0.9994,0.0017,0.0344,0,-0.0112,0.9605,0.278,0,-0.0326,-0.2783,0.96,0,0,13.0633,0,1]},
{"frame":26,"values":[0.9994,0.0002,0.0332,0,-0.0095,0.9602,0.2791,0,-0.0319,-0.2793,0.9597,0,0,13.0633,0,1]},
{"frame":27,"values":[0.9995,-0.0015,0.0319,0,-0.0075,0.9599,0.2802,0,-0.031,-0.2803,0.9594,0,0,13.0633,0,1]},
{"frame":28,"values":[0.9995,-0.0034,0.0304,0,-0.0053,0.9597,0.2811,0,-0.0302,-0.2812,0.9592,0,0,13.0633,0,1]},
{"frame":29,"values":[0.9996,-0.0053,0.029,0,-0.0031,0.9594,0.2819,0,-0.0293,-0.2819,0.959,0,0,13.0634,0,1]},
{"frame":30,"values":[0.9996,-0.0073,0.0278,0,-0.0008,0.9593,0.2825,0,-0.0287,-0.2824,0.9589,0,0,13.0633,0,1]},
{"frame":31,"values":[0.9996,-0.0092,0.0267,0,0.0013,0.9591,0.283,0,-0.0283,-0.2828,0.9588,0,0,13.0633,0,1]},
{"frame":32,"values":[0.9996,-0.0109,0.0259,0,0.0031,0.959,0.2833,0,-0.0279,-0.2832,0.9587,0,0,13.0634,0,1]},
{"frame":33,"values":[0.9996,-0.0124,0.0251,0,0.0048,0.9589,0.2837,0,-0.0276,-0.2835,0.9586,0,0,13.0633,0,1]},
{"frame":34,"values":[0.9996,-0.0137,0.0242,0,0.0063,0.9588,0.284,0,-0.0271,-0.2838,0.9585,0,0,13.0633,0,1]},
{"frame":35,"values":[0.9996,-0.0148,0.0231,0,0.0076,0.9587,0.2844,0,-0.0263,-0.2842,0.9584,0,0,13.0633,0,1]},
{"frame":36,"values":[0.9996,-0.0157,0.0218,0,0.0088,0.9585,0.2849,0,-0.0254,-0.2846,0.9583,0,0,13.0633,0,1]},
{"frame":37,"values":[0.9997,-0.0163,0.0204,0,0.0098,0.9584,0.2854,0,-0.0242,-0.2851,0.9582,0,0,13.0633,0,1]},
{"frame":38,"values":[0.9997,-0.0167,0.019,0,0.0106,0.9582,0.2858,0,-0.023,-0.2855,0.9581,0,0,13.0633,0,1]},
{"frame":39,"values":[0.9997,-0.0168,0.0177,0,0.0111,0.9581,0.2863,0,-0.0217,-0.286,0.958,0,0,13.0633,0,1]},
{"frame":40,"values":[0.9997,-0.0166,0.0166,0,0.0112,0.958,0.2866,0,-0.0207,-0.2864,0.9579,0,0,13.0633,0,1]},
{"frame":41,"values":[0.9997,-0.016,0.0159,0,0.0108,0.9579,0.2869,0,-0.0199,-0.2866,0.9578,0,0,13.0633,0,1]},
{"frame":42,"values":[0.9998,-0.0151,0.0158,0,0.0099,0.9579,0.287,0,-0.0195,-0.2868,0.9578,0,0,13.0633,0,1]},
{"frame":43,"values":[0.9998,-0.0138,0.0163,0,0.0086,0.9579,0.287,0,-0.0195,-0.2868,0.9578,0,0,13.0633,0,1]},
{"frame":44,"values":[0.9998,-0.0122,0.0174,0,0.0067,0.9579,0.2869,0,-0.0201,-0.2867,0.9578,0,0,13.0633,0,1]},
{"frame":45,"values":[0.9998,-0.0104,0.0191,0,0.0045,0.958,0.2867,0,-0.0212,-0.2865,0.9578,0,0,13.0633,0,1]},
{"frame":46,"values":[0.9997,-0.0083,0.0212,0,0.0019,0.9581,0.2865,0,-0.0227,-0.2864,0.9579,0,0,13.0633,0,1]},
{"frame":47,"values":[0.9997,-0.0061,0.0237,0,-0.0009,0.9581,0.2863,0,-0.0244,-0.2862,0.9578,0,0,13.0633,0,1]},
{"frame":48,"values":[0.9996,-0.0039,0.0262,0,-0.0038,0.9582,0.2862,0,-0.0263,-0.2862,0.9578,0,0,13.0633,0,1]},
{"frame":49,"values":[0.9996,-0.0018,0.0287,0,-0.0065,0.9582,0.2862,0,-0.028,-0.2862,0.9578,0,0,13.0633,0,1]},
{"frame":50,"values":[0.9995,0.0003,0.0308,0,-0.0091,0.9581,0.2863,0,-0.0294,-0.2864,0.9577,0,0,13.0633,0,1]},
{"frame":51,"values":[0.9995,0.0022,0.0325,0,-0.0115,0.958,0.2865,0,-0.0305,-0.2867,0.9575,0,0,13.0633,0,1]},
{"frame":52,"values":[0.9994,0.004,0.0337,0,-0.0135,0.9579,0.2869,0,-0.0311,-0.2872,0.9574,0,0,13.0633,0,1]},
{"frame":53,"values":[0.9994,0.0056,0.0343,0,-0.0152,0.9577,0.2873,0,-0.0313,-0.2877,0.9572,0,0,13.0633,0,1]},
{"frame":54,"values":[0.9994,0.007,0.0344,0,-0.0166,0.9575,0.2879,0,-0.0309,-0.2883,0.9571,0,0,13.0633,0,1]},
{"frame":55,"values":[0.9994,0.0083,0.0341,0,-0.0178,0.9573,0.2884,0,-0.0302,-0.2888,0.9569,0,0,13.0633,0,1]},
{"frame":56,"values":[0.9994,0.0096,0.0333,0,-0.0188,0.9572,0.2889,0,-0.0291,-0.2893,0.9568,0,0,13.0633,0,1]},
{"frame":57,"values":[0.9994,0.0108,0.0323,0,-0.0197,0.957,0.2893,0,-0.0278,-0.2897,0.9567,0,0,13.0633,0,1]},
{"frame":58,"values":[0.9994,0.0119,0.0311,0,-0.0205,0.9569,0.2896,0,-0.0263,-0.2901,0.9566,0,0,13.0633,0,1]},
{"frame":59,"values":[0.9995,0.0132,0.0298,0,-0.0212,0.9569,0.2898,0,-0.0247,-0.2902,0.9566,0,0,13.0633,0,1]},
{"frame":60,"values":[0.9995,0.0144,0.0283,0,-0.022,0.9568,0.2898,0,-0.0229,-0.2902,0.9567,0,0,13.0633,0,1]},
{"frame":61,"values":[0.9995,0.0157,0.0268,0,-0.0228,0.9569,0.2896,0,-0.0211,-0.2901,0.9568,0,0,13.0633,0,1]},
{"frame":62,"values":[0.9995,0.017,0.0252,0,-0.0236,0.9569,0.2894,0,-0.0192,-0.2898,0.9569,0,0,13.0633,0,1]},
{"frame":63,"values":[0.9996,0.0183,0.0235,0,-0.0244,0.957,0.2889,0,-0.0172,-0.2894,0.9571,0,0,13.0634,0,1]},
{"frame":64,"values":[0.9996,0.0197,0.0217,0,-0.0251,0.9572,0.2884,0,-0.0151,-0.2888,0.9573,0,0,13.0633,0,1]},
{"frame":65,"values":[0.9996,0.021,0.0197,0,-0.0258,0.9574,0.2877,0,-0.0129,-0.2881,0.9575,0,0,13.0633,0,1]},
{"frame":66,"values":[0.9996,0.0222,0.0176,0,-0.0263,0.9576,0.2868,0,-0.0105,-0.2872,0.9578,0,0,13.0634,0,1]},
{"frame":67,"values":[0.9996,0.0233,0.0155,0,-0.0267,0.9579,0.2859,0,-0.0082,-0.2862,0.9581,0,0,13.0633,0,1]},
{"frame":68,"values":[0.9996,0.0242,0.0133,0,-0.0269,0.9582,0.2848,0,-0.0058,-0.2851,0.9585,0,0,13.0633,0,1]},
{"frame":69,"values":[0.9996,0.0249,0.011,0,-0.027,0.9586,0.2836,0,-0.0035,-0.2838,0.9589,0,0,13.0633,0,1]},
{"frame":70,"values":[0.9996,0.0254,0.0089,0,-0.0268,0.959,0.2823,0,-0.0014,-0.2824,0.9593,0,0,13.0633,0,1]},
{"frame":71,"values":[0.9996,0.0256,0.0069,0,-0.0265,0.9594,0.2808,0,0.0006,-0.2809,0.9597,0,0,13.0633,0,1]},
{"frame":72,"values":[0.9997,0.0256,0.005,0,-0.026,0.9599,0.2793,0,0.0023,-0.2793,0.9602,0,0,13.0633,0,1]},
{"frame":73,"values":[0.9997,0.0253,0.0034,0,-0.0252,0.9604,0.2776,0,0.0037,-0.2776,0.9607,0,0,13.0633,0,1]},
{"frame":74,"values":[0.9997,0.0248,0.002,0,-0.0244,0.9609,0.2758,0,0.0049,-0.2757,0.9612,0,0,13.0633,0,1]},
{"frame":75,"values":[0.9997,0.024,0.0009,0,-0.0233,0.9615,0.2738,0,0.0058,-0.2738,0.9618,0,0,13.0633,0,1]},
{"frame":76,"values":[0.9997,0.0231,-0.0001,0,-0.0222,0.9621,0.2717,0,0.0064,-0.2717,0.9624,0,0,13.0633,0,1]},
{"frame":77,"values":[0.9998,0.022,-0.0009,0,-0.0209,0.9628,0.2695,0,0.0068,-0.2694,0.963,0,0,13.0633,0,1]},
{"frame":78,"values":[0.9998,0.0209,-0.0014,0,-0.0198,0.9634,0.2673,0,0.007,-0.2672,0.9636,0,0,13.0633,0,1]},
{"frame":79,"values":[0.9998,0.0199,-0.0015,0,-0.0188,0.964,0.2652,0,0.0068,-0.2651,0.9642,0,0,13.0633,0,1]},
{"frame":80,"values":[0.9998,0.0191,-0.0011,0,-0.0181,0.9645,0.2635,0,0.0061,-0.2634,0.9647,0,0,13.0634,0,1]},
{"frame":81,"values":[0.9998,0.0184,-0.0001,0,-0.0178,0.9649,0.2622,0,0.005,-0.2621,0.965,0,0,13.0633,0,1]}]}},
{"name":"mixamorig:Spine2","index":3,"matrix":[0.9999,0.0166,0.0006,0,-0.0161,0.9575,0.288,0,0.0042,-0.288,0.9576,0,0,13.0206,0,1],"rest":[1,-0.0017,0.0001,0,0.0017,0.9975,0.0704,0,-0.0002,-0.0704,0.9975,0,0,13.0206,0,1],"parentBoneIndex":2,"length":21.1904
,"animation":
{"name":"anim","property":"_matrix","dataType":3,"framePerSecond":60,"loopBehavior":1,"keys":[
{"frame":1,"values":[0.9999,0.0166,0.0006,0,-0.0161,0.9575,0.288,0,0.0042,-0.288,0.9576,0,0,13.0206,0,1]},
{"frame":2,"values":[0.9999,0.0162,0.0025,0,-0.0162,0.9577,0.2872,0,0.0023,-0.2872,0.9579,0,0,13.0206,0,1]},
{"frame":3,"values":[0.9999,0.0158,0.0051,0,-0.0166,0.9578,0.2868,0,-0.0004,-0.2868,0.958,0,0,13.0206,0,1]},
{"frame":4,"values":[0.9998,0.0154,0.0086,0,-0.0173,0.9578,0.2869,0,-0.0038,-0.287,0.9579,0,0,13.0206,0,1]},
{"frame":5,"values":[0.9998,0.015,0.0126,0,-0.018,0.9577,0.2871,0,-0.0077,-0.2873,0.9578,0,0,13.0206,0,1]},
{"frame":6,"values":[0.9998,0.0146,0.0166,0,-0.0188,0.9576,0.2874,0,-0.0117,-0.2876,0.9577,0,0,13.0206,0,1]},
{"frame":7,"values":[0.9997,0.0142,0.0206,0,-0.0196,0.9575,0.2877,0,-0.0156,-0.288,0.9575,0,0,13.0206,0,1]},
{"frame":8,"values":[0.9996,0.0139,0.0243,0,-0.0203,0.9574,0.288,0,-0.0193,-0.2884,0.9573,0,0,13.0206,0,1]},
{"frame":9,"values":[0.9995,0.0135,0.028,0,-0.021,0.9573,0.2884,0,-0.0229,-0.2888,0.9571,0,0,13.0206,0,1]},
{"frame":10,"values":[0.9994,0.013,0.0315,0,-0.0216,0.9572,0.2888,0,-0.0264,-0.2893,0.9569,0,0,13.0206,0,1]},
{"frame":11,"values":[0.9993,0.0126,0.0348,0,-0.0221,0.957,0.2892,0,-0.0297,-0.2898,0.9566,0,0,13.0206,0,1]},
{"frame":12,"values":[0.9992,0.012,0.0378,0,-0.0225,0.9569,0.2897,0,-0.0327,-0.2903,0.9564,0,0,13.0206,0,1]},
{"frame":13,"values":[0.9991,0.0113,0.0402,0,-0.0225,0.9567,0.2903,0,-0.0351,-0.2909,0.9561,0,0,13.0206,0,1]},
{"frame":14,"values":[0.9991,0.0105,0.0417,0,-0.0222,0.9564,0.2911,0,-0.0368,-0.2917,0.9558,0,0,13.0206,0,1]},
{"frame":15,"values":[0.9991,0.0096,0.0425,0,-0.0216,0.9562,0.292,0,-0.0378,-0.2927,0.9555,0,0,13.0206,0,1]},
{"frame":16,"values":[0.9991,0.0086,0.0427,0,-0.0207,0.9559,0.2931,0,-0.0382,-0.2937,0.9551,0,0,13.0206,0,1]},
{"frame":17,"values":[0.9991,0.0075,0.0425,0,-0.0197,0.9555,0.2943,0,-0.0384,-0.2948,0.9548,0,0,13.0206,0,1]},
{"frame":18,"values":[0.9991,0.0064,0.0421,0,-0.0186,0.9552,0.2954,0,-0.0383,-0.296,0.9544,0,0,13.0206,0,1]},
{"frame":19,"values":[0.9991,0.0052,0.0415,0,-0.0173,0.9548,0.2966,0,-0.0381,-0.2971,0.9541,0,0,13.0206,0,1]},
{"frame":20,"values":[0.9992,0.004,0.0409,0,-0.016,0.9545,0.2978,0,-0.0379,-0.2982,0.9537,0,0,13.0206,0,1]},
{"frame":21,"values":[0.9992,0.0028,0.0402,0,-0.0147,0.9541,0.299,0,-0.0376,-0.2993,0.9534,0,0,13.0206,0,1]},
{"frame":22,"values":[0.9992,0.0015,0.0395,0,-0.0133,0.9538,0.3001,0,-0.0372,-0.3004,0.9531,0,0,13.0206,0,1]},
{"frame":23,"values":[0.9993,0.0001,0.0387,0,-0.0118,0.9535,0.3013,0,-0.0369,-0.3015,0.9528,0,0,13.0206,0,1]},
{"frame":24,"values":[0.9993,-0.0012,0.0378,0,-0.0103,0.9531,0.3024,0,-0.0364,-0.3026,0.9524,0,0,13.0206,0,1]},
{"frame":25,"values":[0.9993,-0.0026,0.0366,0,-0.0086,0.9528,0.3036,0,-0.0357,-0.3037,0.9521,0,0,13.0206,0,1]},
{"frame":26,"values":[0.9994,-0.0041,0.0353,0,-0.0068,0.9524,0.3047,0,-0.0349,-0.3048,0.9518,0,0,13.0206,0,1]},
{"frame":27,"values":[0.9994,-0.0058,0.0339,0,-0.0049,0.9521,0.3058,0,-0.034,-0.3058,0.9515,0,0,13.0206,0,1]},
{"frame":28,"values":[0.9995,-0.0076,0.0323,0,-0.0027,0.9518,0.3068,0,-0.033,-0.3067,0.9512,0,0,13.0206,0,1]},
{"frame":29,"values":[0.9995,-0.0095,0.0307,0,-0.0004,0.9515,0.3076,0,-0.0321,-0.3075,0.951,0,0,13.0206,0,1]},
{"frame":30,"values":[0.9995,-0.0114,0.0292,0,0.0018,0.9513,0.3083,0,-0.0313,-0.3081,0.9509,0,0,13.0206,0,1]},
{"frame":31,"values":[0.9995,-0.0132,0.028,0,0.0039,0.9511,0.3088,0,-0.0307,-0.3085,0.9507,0,0,13.0206,0,1]},
{"frame":32,"values":[0.9995,-0.0149,0.0269,0,0.0058,0.951,0.3091,0,-0.0302,-0.3088,0.9506,0,0,13.0206,0,1]},
{"frame":33,"values":[0.9995,-0.0163,0.0259,0,0.0075,0.9509,0.3095,0,-0.0297,-0.3092,0.9505,0,0,13.0206,0,1]},
{"frame":34,"values":[0.9995,-0.0176,0.0248,0,0.009,0.9507,0.3099,0,-0.0291,-0.3095,0.9505,0,0,13.0206,0,1]},
{"frame":35,"values":[0.9995,-0.0186,0.0236,0,0.0103,0.9506,0.3103,0,-0.0282,-0.3099,0.9503,0,0,13.0206,0,1]},
{"frame":36,"values":[0.9996,-0.0194,0.0222,0,0.0115,0.9504,0.3107,0,-0.0271,-0.3104,0.9502,0,0,13.0206,0,1]},
{"frame":37,"values":[0.9996,-0.0199,0.0207,0,0.0125,0.9503,0.3112,0,-0.0259,-0.3108,0.9501,0,0,13.0206,0,1]},
{"frame":38,"values":[0.9996,-0.0202,0.0192,0,0.0132,0.9501,0.3117,0,-0.0246,-0.3113,0.95,0,0,13.0206,0,1]},
{"frame":39,"values":[0.9996,-0.0202,0.0179,0,0.0136,0.9499,0.3122,0,-0.0233,-0.3118,0.9499,0,0,13.0205,0,1]},
{"frame":40,"values":[0.9997,-0.0199,0.0168,0,0.0137,0.9498,0.3125,0,-0.0222,-0.3122,0.9498,0,0,13.0206,0,1]},
{"frame":41,"values":[0.9997,-0.0193,0.0162,0,0.0133,0.9497,0.3128,0,-0.0214,-0.3125,0.9497,0,0,13.0206,0,1]},
{"frame":42,"values":[0.9997,-0.0184,0.0161,0,0.0124,0.9497,0.3129,0,-0.0211,-0.3126,0.9497,0,0,13.0205,0,1]},
{"frame":43,"values":[0.9997,-0.0172,0.0167,0,0.0111,0.9497,0.3129,0,-0.0213,-0.3126,0.9496,0,0,13.0206,0,1]},
{"frame":44,"values":[0.9997,-0.0157,0.018,0,0.0093,0.9498,0.3127,0,-0.022,-0.3125,0.9497,0,0,13.0206,0,1]},
{"frame":45,"values":[0.9997,-0.014,0.0198,0,0.0071,0.9499,0.3125,0,-0.0232,-0.3123,0.9497,0,0,13.0206,0,1]},
{"frame":46,"values":[0.9997,-0.0122,0.0221,0,0.0046,0.95,0.3123,0,-0.0248,-0.3121,0.9497,0,0,13.0206,0,1]},
{"frame":47,"values":[0.9996,-0.0102,0.0247,0,0.002,0.9501,0.3121,0,-0.0266,-0.3119,0.9497,0,0,13.0206,0,1]},
{"frame":48,"values":[0.9996,-0.0082,0.0273,0,-0.0007,0.9501,0.3119,0,-0.0285,-0.3118,0.9497,0,0,13.0206,0,1]},
{"frame":49,"values":[0.9995,-0.0062,0.0298,0,-0.0034,0.9501,0.3119,0,-0.0303,-0.3119,0.9496,0,0,13.0206,0,1]},
{"frame":50,"values":[0.9995,-0.0043,0.032,0,-0.0059,0.9501,0.312,0,-0.0318,-0.3121,0.9495,0,0,13.0206,0,1]},
{"frame":51,"values":[0.9994,-0.0025,0.0338,0,-0.0081,0.95,0.3123,0,-0.0328,-0.3124,0.9494,0,0,13.0206,0,1]},
{"frame":52,"values":[0.9994,-0.0008,0.0349,0,-0.0101,0.9498,0.3127,0,-0.0334,-0.3128,0.9492,0,0,13.0206,0,1]},
{"frame":53,"values":[0.9994,0.0007,0.0355,0,-0.0118,0.9496,0.3131,0,-0.0335,-0.3133,0.949,0,0,13.0206,0,1]},
{"frame":54,"values":[0.9994,0.0021,0.0356,0,-0.0132,0.9494,0.3137,0,-0.0331,-0.3139,0.9489,0,0,13.0206,0,1]},
{"frame":55,"values":[0.9994,0.0035,0.0352,0,-0.0144,0.9492,0.3142,0,-0.0323,-0.3145,0.9487,0,0,13.0206,0,1]},
{"frame":56,"values":[0.9994,0.0048,0.0344,0,-0.0154,0.9491,0.3147,0,-0.0311,-0.3151,0.9486,0,0,13.0206,0,1]},
{"frame":57,"values":[0.9994,0.0061,0.0333,0,-0.0163,0.9489,0.3152,0,-0.0297,-0.3155,0.9485,0,0,13.0205,0,1]},
{"frame":58,"values":[0.9995,0.0074,0.032,0,-0.0171,0.9488,0.3155,0,-0.028,-0.3159,0.9484,0,0,13.0206,0,1]},
{"frame":59,"values":[0.9995,0.0087,0.0305,0,-0.0179,0.9487,0.3157,0,-0.0262,-0.3161,0.9484,0,0,13.0206,0,1]},
{"frame":60,"values":[0.9995,0.0101,0.029,0,-0.0187,0.9487,0.3157,0,-0.0243,-0.3161,0.9484,0,0,13.0206,0,1]},
{"frame":61,"values":[0.9996,0.0115,0.0274,0,-0.0196,0.9487,0.3156,0,-0.0223,-0.316,0.9485,0,0,13.0206,0,1]},
{"frame":62,"values":[0.9996,0.013,0.0256,0,-0.0204,0.9488,0.3153,0,-0.0202,-0.3157,0.9486,0,0,13.0206,0,1]},
{"frame":63,"values":[0.9996,0.0144,0.0238,0,-0.0212,0.9489,0.3149,0,-0.018,-0.3153,0.9488,0,0,13.0206,0,1]},
{"frame":64,"values":[0.9996,0.0159,0.0218,0,-0.022,0.9491,0.3143,0,-0.0157,-0.3147,0.9491,0,0,13.0206,0,1]},
{"frame":65,"values":[0.9997,0.0174,0.0197,0,-0.0227,0.9493,0.3136,0,-0.0133,-0.314,0.9493,0,0,13.0206,0,1]},
{"frame":66,"values":[0.9997,0.0187,0.0176,0,-0.0233,0.9495,0.3128,0,-0.0108,-0.3131,0.9497,0,0,13.0206,0,1]},
{"frame":67,"values":[0.9997,0.02,0.0153,0,-0.0238,0.9498,0.3118,0,-0.0083,-0.3121,0.95,0,0,13.0206,0,1]},
{"frame":68,"values":[0.9997,0.0211,0.013,0,-0.0241,0.9502,0.3107,0,-0.0058,-0.311,0.9504,0,0,13.0206,0,1]},
{"frame":69,"values":[0.9997,0.022,0.0108,0,-0.0242,0.9506,0.3095,0,-0.0034,-0.3097,0.9508,0,0,13.0206,0,1]},
{"frame":70,"values":[0.9997,0.0226,0.0086,0,-0.0242,0.951,0.3082,0,-0.0012,-0.3083,0.9513,0,0,13.0206,0,1]},
{"frame":71,"values":[0.9997,0.023,0.0067,0,-0.0239,0.9515,0.3067,0,0.0007,-0.3068,0.9518,0,0,13.0206,0,1]},
{"frame":72,"values":[0.9997,0.0231,0.0049,0,-0.0235,0.952,0.3051,0,0.0024,-0.3051,0.9523,0,0,13.0206,0,1]},
{"frame":73,"values":[0.9997,0.0229,0.0034,0,-0.0229,0.9526,0.3034,0,0.0037,-0.3034,0.9529,0,0,13.0206,0,1]},
{"frame":74,"values":[0.9997,0.0225,0.0021,0,-0.0221,0.9532,0.3016,0,0.0048,-0.3016,0.9534,0,0,13.0206,0,1]},
{"frame":75,"values":[0.9998,0.0218,0.001,0,-0.0211,0.9538,0.2997,0,0.0055,-0.2996,0.954,0,0,13.0206,0,1]},
{"frame":76,"values":[0.9998,0.0209,0.0002,0,-0.02,0.9545,0.2976,0,0.0061,-0.2975,0.9547,0,0,13.0206,0,1]},
{"frame":77,"values":[0.9998,0.0199,-0.0005,0,-0.0188,0.9552,0.2954,0,0.0064,-0.2953,0.9554,0,0,13.0206,0,1]},
{"frame":78,"values":[0.9998,0.0188,-0.0009,0,-0.0177,0.9559,0.2931,0,0.0064,-0.2931,0.9561,0,0,13.0206,0,1]},
{"frame":79,"values":[0.9998,0.0179,-0.001,0,-0.0168,0.9566,0.2911,0,0.0061,-0.291,0.9567,0,0,13.0206,0,1]},
{"frame":80,"values":[0.9999,0.0171,-0.0005,0,-0.0162,0.9571,0.2893,0,0.0054,-0.2893,0.9572,0,0,13.0206,0,1]},
{"frame":81,"values":[0.9999,0.0166,0.0006,0,-0.0161,0.9575,0.288,0,0.0042,-0.288,0.9576,0,0,13.0206,0,1]}]}},
{"name":"mixamorig:Neck","index":4,"matrix":[0.9998,0,0.0185,0,-0.001,0.9986,0.0527,0,-0.0185,-0.0527,0.9984,0,-0.0119,24.6706,2.0281,1],"rest":[1,0,0,0,0,1,0,0,0,0,1,0,-0.0119,24.6707,2.0281,1],"parentBoneIndex":3,"length":10.7232
,"animation":
{"name":"anim","property":"_matrix","dataType":3,"framePerSecond":60,"loopBehavior":1,"keys":[
{"frame":1,"values":[0.9998,0,0.0185,0,-0.001,0.9986,0.0527,0,-0.0185,-0.0527,0.9984,0,-0.0119,24.6706,2.0281,1]},
{"frame":2,"values":[0.9998,-0.0033,0.0218,0,0.0022,0.9986,0.0536,0,-0.0219,-0.0535,0.9983,0,-0.0119,24.6706,2.0281,1]},
{"frame":3,"values":[0.9996,-0.0074,0.0261,0,0.0059,0.9985,0.0548,0,-0.0264,-0.0546,0.9982,0,-0.0119,24.6707,2.0281,1]},
{"frame":4,"values":[0.9994,-0.0121,0.0313,0,0.0103,0.9984,0.0563,0,-0.0319,-0.0559,0.9979,0,-0.0119,24.6706,2.0281,1]},
{"frame":5,"values":[0.9992,-0.0175,0.0373,0,0.0153,0.9982,0.0581,0,-0.0382,-0.0574,0.9976,0,-0.0119,24.6706,2.0281,1]},
{"frame":6,"values":[0.9988,-0.0232,0.0436,0,0.0205,0.998,0.06,0,-0.0449,-0.059,0.9972,0,-0.0119,24.6706,2.0281,1]},
{"frame":7,"values":[0.9983,-0.0292,0.0502,0,0.026,0.9977,0.062,0,-0.0519,-0.0606,0.9968,0,-0.0119,24.6706,2.0281,1]},
{"frame":8,"values":[0.9977,-0.0354,0.057,0,0.0317,0.9974,0.0641,0,-0.0591,-0.0622,0.9963,0,-0.0119,24.6707,2.0281,1]},
{"frame":9,"values":[0.9971,-0.0417,0.0638,0,0.0374,0.9971,0.0663,0,-0.0664,-0.0637,0.9958,0,-0.0119,24.6706,2.0281,1]},
{"frame":10,"values":[0.9963,-0.048,0.0706,0,0.0432,0.9967,0.0685,0,-0.0737,-0.0652,0.9951,0,-0.0119,24.6706,2.0281,1]},
{"frame":11,"values":[0.9955,-0.0544,0.0774,0,0.0489,0.9963,0.0708,0,-0.0809,-0.0667,0.9945,0,-0.0119,24.6706,2.0281,1]},
{"frame":12,"values":[0.9946,-0.0606,0.0839,0,0.0545,0.9958,0.073,0,-0.088,-0.0681,0.9938,0,-0.0119,24.6707,2.0281,1]},
{"frame":13,"values":[0.9937,-0.0667,0.0903,0,0.06,0.9954,0.0752,0,-0.0949,-0.0694,0.9931,0,-0.0119,24.6706,2.0281,1]},
{"frame":14,"values":[0.9927,-0.0726,0.0963,0,0.0652,0.9949,0.0774,0,-0.1015,-0.0705,0.9923,0,-0.0119,24.6706,2.0281,1]},
{"frame":15,"values":[0.9917,-0.0781,0.102,0,0.0702,0.9944,0.0794,0,-0.1076,-0.0716,0.9916,0,-0.0119,24.6706,2.0281,1]},
{"frame":16,"values":[0.9907,-0.0833,0.1072,0,0.0747,0.9939,0.0813,0,-0.1133,-0.0726,0.9909,0,-0.0119,24.6706,2.0281,1]},
{"frame":17,"values":[0.9898,-0.088,0.1119,0,0.0789,0.9934,0.0831,0,-0.1185,-0.0734,0.9902,0,-0.0119,24.6706,2.0281,1]},
{"frame":18,"values":[0.989,-0.0922,0.116,0,0.0826,0.993,0.0846,0,-0.123,-0.0741,0.9896,0,-0.0119,24.6706,2.0281,1]},
{"frame":19,"values":[0.9882,-0.0957,0.1194,0,0.0858,0.9926,0.0859,0,-0.1268,-0.0747,0.9891,0,-0.0119,24.6706,2.0281,1]},
{"frame":20,"values":[0.9876,-0.0985,0.1221,0,0.0883,0.9923,0.087,0,-0.1297,-0.0751,0.9887,0,-0.0119,24.6706,2.0281,1]},
{"frame":21,"values":[0.9872,-0.1006,0.1239,0,0.0901,0.9921,0.0877,0,-0.1318,-0.0754,0.9884,0,-0.0119,24.6706,2.0281,1]},
{"frame":22,"values":[0.9869,-0.1019,0.1249,0,0.0913,0.9919,0.0881,0,-0.1329,-0.0756,0.9882,0,-0.0119,24.6706,2.0281,1]},
{"frame":23,"values":[0.9868,-0.1026,0.1252,0,0.0919,0.9918,0.0883,0,-0.1332,-0.0756,0.9882,0,-0.0119,24.6707,2.0281,1]},
